
maxdiff     : 0.0344444
meandiff    : 0.000921269

